,PS0ppm-1,PS0ppm-2,PS0ppm-3,PS0.05ppm-1,PS0.05ppm-2,PS0.05ppm-3,PMMA0ppm-1,PMMA0ppm-2,PMMA0ppm-3,PMMA0.05ppm-1,PMMA0.05ppm-2,PMMA0.05ppm-3,PMMA0.1ppm-1,PMMA0.1ppm-2,PMMA0.1ppm-3,PE0ppm-1,PE0ppm-2,PE0ppm-3,PE0.01ppm-1,PE0.01ppm-2,PE0.01ppm-3,PLA0ppm-1,PLA0ppm-2,PLA0ppm-3,PLA0.05ppm-1,PLA0.05ppm-2,PLA0.05ppm-3,PLA0.1ppm-1,PLA0.1ppm-2,PLA0.1ppm-3,PLA0.5ppm-1,PLA0.5ppm-2,PLA0.5ppm-3,PLA1ppm-1,PLA1ppm-2,PLA1ppm-3,PLA5ppm-1,PLA5ppm-2,PLA5ppm-3,PLA10ppm-1,PLA10ppm-2,PLA10ppm-3
PS0ppm-1,1.0,0.9801068428156962,0.9844788604217877,0.9466312536588777,0.9491677622236422,0.9519298221486772,0.4809513387493365,0.47883881708656,0.4655227458984061,0.4686414880926119,0.4380017483793232,0.4745459768506187,0.3643143076889221,0.3963565059186513,0.3749297703265826,0.5110848719828255,0.4727086917690498,0.4315896403920872,0.25835453115876084,0.26666303846219663,0.25206771717895243,0.40879522433093035,0.4041003186910429,0.38269636899359205,0.318098137670171,0.3465975955121564,0.3287957157227577,0.26040971266579166,0.30084853876848533,0.23940165322138074,0.1564362168742316,0.1449882221420394,0.21040164742379905,0.16030631332750298,0.13939332323201994,0.16459688079885063,0.1976812583892175,0.20062894961101943,0.20100392879129414,0.4488958072047459,0.45664893302950177,0.47865604190507793
PS0ppm-2,0.9801068428156962,1.0,0.9811618359141973,0.9397863099136412,0.9455290595788738,0.9462217571811857,0.4715381382110092,0.4714034153251089,0.468924953246942,0.45704237733231395,0.4261248215202222,0.4621010535134418,0.35869431816968383,0.38634800198372315,0.371128416385013,0.5023022349109921,0.47109191398594,0.41832363164926917,0.25297524917836384,0.2622647861590148,0.24776739570484027,0.4099983122020591,0.39907779110173897,0.3734778886883361,0.3161242700841473,0.3410442133468505,0.3207911093686705,0.26169763792376144,0.292482268271281,0.2375441608874511,0.15298727292212505,0.13104297340348176,0.1999264092207556,0.1602423048455237,0.1332780816035018,0.15669438250952233,0.19166142179476459,0.19436251131703064,0.19489554623087635,0.4369034795533261,0.43502306217927733,0.4573105557080857
PS0ppm-3,0.9844788604217877,0.9811618359141973,1.0,0.9426542810426631,0.9443511883832936,0.9490505760500445,0.4828814246315676,0.4839096591006198,0.46666860863344006,0.47804448577586245,0.43448554836815534,0.48022757638309416,0.37190581611139245,0.40122393956685,0.37967241470608415,0.5075220276549562,0.4771852360821596,0.42801682234928623,0.25449984705852474,0.25976416045641193,0.24834292199310978,0.41887750431721454,0.40824878269802195,0.387878490910133,0.32952842267824245,0.3556122310916797,0.3333333079926761,0.26648912452662865,0.3047904929591258,0.24658886129203386,0.16652193064932153,0.14963497843629772,0.21061426209141107,0.16577524274041777,0.15060824163346453,0.16953731311536036,0.20452884794272888,0.20450962090182986,0.20652514506856962,0.4455375504904478,0.4543435676847812,0.47886504906465815
PS0.05ppm-1,0.9466312536588777,0.9397863099136412,0.9426542810426631,1.0,0.9802819219320295,0.9771886644288917,0.4106229359919541,0.40520633104792403,0.3963348544674785,0.39166036632919915,0.3674922784150164,0.4139613034708107,0.3005390273077509,0.3336531358182781,0.31629247165282004,0.41373456073009784,0.3904129297475609,0.34385289672855934,0.18490340164375618,0.19399990195724884,0.18237603752654746,0.341156724259345,0.32910160817439355,0.3127047803244637,0.2677403862698046,0.28023918270779874,0.2633327609548175,0.2018059219643315,0.2379778606598392,0.18067610519456762,0.10334485502735552,0.09381334860383633,0.14946469987321861,0.11114250336070777,0.08895054862165892,0.10574106108031307,0.13934053088761045,0.1429634896579075,0.14052156262133084,0.437792965865479,0.44381912174993016,0.4747275827799574
PS0.05ppm-2,0.9491677622236422,0.9455290595788738,0.9443511883832936,0.9802819219320295,1.0,0.9788154948502036,0.4108036240043263,0.40061021136167063,0.3968417681043263,0.3844893362868246,0.3637827951038188,0.40583994505715476,0.29929606344070564,0.3362841128376041,0.31635911537919253,0.42009451497097333,0.3940647740078434,0.342054737896501,0.17959147957742835,0.1896589146453104,0.17815518401947306,0.34430803258548504,0.3295161824243276,0.3115037791086324,0.2637668260565646,0.2832050495171474,0.26474337635258466,0.20972376078677,0.24624024486730045,0.18896138564707116,0.11277830918804811,0.09533387833289785,0.16011816084081923,0.11557262378766302,0.10621935330029357,0.1163265603144615,0.1409364313198926,0.14400094417282414,0.14099966421393242,0.41989168856957104,0.4323708289180158,0.452221884673611
PS0.05ppm-3,0.9519298221486772,0.9462217571811857,0.9490505760500445,0.9771886644288917,0.9788154948502036,1.0,0.40969007901184257,0.39505624170398385,0.3990855618174294,0.38177144404914654,0.36098152454558835,0.411433849304736,0.29723056744745324,0.3303239307351379,0.3158807673471533,0.42736785902902846,0.3990139362659563,0.3484133426486402,0.1825776974808586,0.19399941934081943,0.18608278833983224,0.337968688189399,0.3262635391727371,0.3079481797244397,0.26261446698779123,0.2790899001180158,0.2569139956225313,0.2045783201066638,0.24110218690289664,0.18562415798336251,0.10612501744309911,0.08989389216966763,0.1559576112190006,0.11276688145570739,0.09980619988599357,0.11672441796066535,0.1389834524669419,0.14446139363479843,0.1407184833261187,0.4265500782923249,0.4339116871425899,0.4529153922709329
PMMA0ppm-1,0.4809513387493365,0.4715381382110092,0.4828814246315676,0.4106229359919541,0.4108036240043263,0.40969007901184257,1.0,0.8488198735090897,0.8462138006845632,0.7771094275047361,0.7600721726369086,0.7699945845897075,0.7132750037455559,0.681574258897963,0.6911190583902548,0.682438095486684,0.6947479888192102,0.7060420751278895,0.7149022668458275,0.7127088626259787,0.7073100315896795,0.3036196218317597,0.3012077580480202,0.2982385859945463,0.3495714044782224,0.41406317319107344,0.3863913928757723,0.18667630868591253,0.2057201296821505,0.19022402776521638,0.19894666169208497,0.21688941879025955,0.23297603701843783,0.2377193286725394,0.21747110421482974,0.2707769704097903,0.18936280466771774,0.18902209901358105,0.19273922872775565,0.5027472504406603,0.4930802656273156,0.4874319701100445
PMMA0ppm-2,0.47883881708656,0.4714034153251089,0.4839096591006198,0.40520633104792403,0.40061021136167063,0.39505624170398385,0.8488198735090897,1.0,0.8246677472362169,0.7761559968395567,0.7710732408427803,0.7668747205532156,0.6989716590591506,0.6892063888707483,0.6628761889593685,0.6725918705207833,0.7086403359440963,0.7139954418072585,0.7145654756659302,0.7081817724457588,0.7202983434101943,0.29340983196503545,0.3137762183697192,0.28147093835458176,0.35172795307056304,0.3994052969449107,0.3914650187509643,0.1968991858945293,0.20370468178594844,0.18845538306684986,0.20077779722605776,0.1921067195823511,0.21724436074921483,0.23651448627736518,0.21665317703329945,0.23419139911113712,0.18931002513789413,0.18801080769910064,0.190218538982485,0.484888758131631,0.4683284452753188,0.4689530698899221
PMMA0ppm-3,0.4655227458984061,0.468924953246942,0.46666860863344006,0.3963348544674785,0.3968417681043263,0.3990855618174294,0.8462138006845632,0.8246677472362169,1.0,0.7725167360000704,0.7563988223850667,0.7629277715766969,0.6907929612173563,0.6696044420407202,0.704986083849923,0.6510964079268373,0.6912793420157914,0.6829487202663872,0.7048777588362181,0.7044791951679955,0.716651773301361,0.26073826456033766,0.2826250332506249,0.2581935600318266,0.33283141401418154,0.38308666795390484,0.3675194908829962,0.17550182767692415,0.1736545529000007,0.17371750686625503,0.19610777638337687,0.18057193960289122,0.21210804356743107,0.22592901566904947,0.19009850610948947,0.23777864850927283,0.18099937831619736,0.1789330953141904,0.18418306315503685,0.4463941282987254,0.420938991667947,0.41740144525314643
PMMA0.05ppm-1,0.4686414880926119,0.45704237733231395,0.47804448577586245,0.39166036632919915,0.3844893362868246,0.38177144404914654,0.7771094275047361,0.7761559968395567,0.7725167360000704,1.0,0.8459514967358562,0.8709928862651166,0.7671036435858112,0.7486200841213639,0.7595235020632848,0.7062106928160605,0.7301349128048235,0.717907930315252,0.6880154183702443,0.6421484150490349,0.6598680268585512,0.3254771890980752,0.3282609952351996,0.309889268122103,0.35096980814805706,0.43760745059015516,0.3985630182029167,0.18918208470688913,0.21751926552772705,0.19386186385011073,0.2213539293492451,0.20401338158068333,0.24394492463555706,0.20551102676255617,0.24830570203286978,0.24148418041253172,0.20792439888780287,0.2027298695987508,0.21872934225824006,0.5616407509770518,0.565915533222326,0.5609270344706618
PMMA0.05ppm-2,0.4380017483793232,0.4261248215202222,0.43448554836815534,0.3674922784150164,0.3637827951038188,0.36098152454558835,0.7600721726369086,0.7710732408427803,0.7563988223850667,0.8459514967358562,1.0,0.8384575115168756,0.7417756668436758,0.7031024193781714,0.7283873686887592,0.6857093801696684,0.7251882841254763,0.6862853893873834,0.6809949513004233,0.6671057059834995,0.6740512432128802,0.2880032450017415,0.29040004007950565,0.2708337069798041,0.327175878024281,0.3917691978469891,0.3611040813862745,0.16966054941895223,0.1815829921156467,0.17421326105864457,0.18338805405000427,0.19730222027343253,0.21718172799475574,0.21505009070254635,0.21526129750825923,0.2291256613842394,0.1841668985837773,0.1763692932239702,0.20129935911316904,0.5596275323700975,0.550266395206515,0.5441231366629952
PMMA0.05ppm-3,0.4745459768506187,0.4621010535134418,0.48022757638309416,0.4139613034708107,0.40583994505715476,0.411433849304736,0.7699945845897075,0.7668747205532156,0.7629277715766969,0.8709928862651166,0.8384575115168756,1.0,0.7564488859898747,0.73477188022133,0.777862089519177,0.7088649704697745,0.7342040374374902,0.7057480557200279,0.6776337704623916,0.6576393884859099,0.6601399620399535,0.31266510625950833,0.31663719526771134,0.3072715617812695,0.37969943539375806,0.4393743503202709,0.40620848640621854,0.20395136532963376,0.22849929968617488,0.20622740623064015,0.2305778099164903,0.23139415127876187,0.25759307576540774,0.22971102245520766,0.26591440328763355,0.28369776763053767,0.2144480948786149,0.19952333646181586,0.21900859011602875,0.5542781451926194,0.5488602140483528,0.5515912357225223
PMMA0.1ppm-1,0.3643143076889221,0.35869431816968383,0.37190581611139245,0.3005390273077509,0.29929606344070564,0.29723056744745324,0.7132750037455559,0.6989716590591506,0.6907929612173563,0.7671036435858112,0.7417756668436758,0.7564488859898747,1.0,0.797047150625337,0.8222339469086999,0.5624444683611303,0.6050437815808041,0.5939627668960034,0.7081184542614353,0.6987690970362792,0.6984287708359118,0.18846457019622131,0.19564412442910453,0.20316009219771747,0.2641901193805609,0.3216690071811316,0.30014245707790477,0.09481805110354301,0.11153773735567978,0.09494817490238452,0.12401678425231458,0.1329399929489124,0.150533780107927,0.12436147647309556,0.16177681139038314,0.17971017803356915,0.09922712866056904,0.09119375203699144,0.10043785204881336,0.322375759945916,0.3312336822683403,0.3243786247841631
PMMA0.1ppm-2,0.3963565059186513,0.38634800198372315,0.40122393956685,0.3336531358182781,0.3362841128376041,0.3303239307351379,0.681574258897963,0.6892063888707483,0.6696044420407202,0.7486200841213639,0.7031024193781714,0.73477188022133,0.797047150625337,1.0,0.8221644439263656,0.550525296164876,0.5725113756358695,0.5699746547473628,0.6623955875453991,0.6698219014896851,0.6820507794623849,0.20330846457302332,0.19707086771999066,0.19885547823374042,0.24083359232823234,0.3153665819467141,0.29125001569836634,0.09132404268792024,0.10304535870981832,0.09466626082821036,0.13615507354605055,0.12915794486169654,0.15349796133619076,0.12616554877081043,0.15704445161511832,0.17210949684539287,0.10727265741091815,0.10164235885466241,0.10512597296147054,0.33237800819258323,0.33313375725255506,0.3346777311442768
PMMA0.1ppm-3,0.3749297703265826,0.371128416385013,0.37967241470608415,0.31629247165282004,0.31635911537919253,0.3158807673471533,0.6911190583902548,0.6628761889593685,0.704986083849923,0.7595235020632848,0.7283873686887592,0.777862089519177,0.8222339469086999,0.8221644439263656,1.0,0.5639430702906384,0.5791287386411261,0.5668711700258251,0.6613758508543786,0.674867636271315,0.675201776398578,0.19102163084159707,0.18180561941288814,0.19305771096561436,0.24428396676512515,0.30771126793795883,0.29148821178435846,0.08488794656517717,0.09590007088432405,0.08329089651726321,0.11774575039562409,0.13654319101228873,0.1452276087988033,0.1384091755681828,0.1534907896901892,0.18577265375462726,0.09965500346633745,0.09065504001549672,0.09926162376288068,0.3532781902366784,0.3451739258256959,0.3335760722193232
PE0ppm-1,0.5110848719828255,0.5023022349109921,0.5075220276549562,0.41373456073009784,0.42009451497097333,0.42736785902902846,0.682438095486684,0.6725918705207833,0.6510964079268373,0.7062106928160605,0.6857093801696684,0.7088649704697745,0.5624444683611303,0.550525296164876,0.5639430702906384,1.0,0.7992153589874343,0.788734913010628,0.6451900716334054,0.6321561301989129,0.6382986135504192,0.352700496559417,0.36885592751832263,0.3316289525096598,0.4063986681053074,0.4482831815320658,0.4079816536730181,0.26993598338780855,0.27511388513335056,0.2527189238784176,0.2473088640855489,0.26334130756884333,0.30420394992737965,0.28740145272859646,0.3089147563873907,0.31346303528262576,0.23704624431624707,0.2434509907568056,0.25160042168367636,0.6101880071358345,0.606632026031286,0.5868772593340864
PE0ppm-2,0.4727086917690498,0.47109191398594,0.4771852360821596,0.3904129297475609,0.3940647740078434,0.3990139362659563,0.6947479888192102,0.7086403359440963,0.6912793420157914,0.7301349128048235,0.7251882841254763,0.7342040374374902,0.6050437815808041,0.5725113756358695,0.5791287386411261,0.7992153589874343,1.0,0.7930062943466799,0.6845675293424287,0.6689735054906009,0.6699504066978583,0.348262686484055,0.3490396479487541,0.3203316687436337,0.4235835508793884,0.4545847209570563,0.4281195771407983,0.2699792010693003,0.2701055940832563,0.2632380999476609,0.27315451741378755,0.2952844574805192,0.3309346052131413,0.2949012126810479,0.3404978582447076,0.31948769794363996,0.24737757269585423,0.24538183314166043,0.257511261379989,0.5949010909085481,0.5939895833727059,0.5984201015303879
PE0ppm-3,0.4315896403920872,0.41832363164926917,0.42801682234928623,0.34385289672855934,0.342054737896501,0.3484133426486402,0.7060420751278895,0.7139954418072585,0.6829487202663872,0.717907930315252,0.6862853893873834,0.7057480557200279,0.5939627668960034,0.5699746547473628,0.5668711700258251,0.788734913010628,0.7930062943466799,1.0,0.723412740412955,0.6838050299551396,0.6871381580500507,0.3293799713521375,0.34400542469489775,0.30399010077012417,0.37970503855707144,0.415347288936259,0.3878134309538205,0.25206668151757766,0.2618081357275936,0.24389090110042472,0.26497425656371115,0.25658976702684166,0.28283280082151285,0.28316661208385085,0.30751508304107167,0.2944202311587361,0.24466529520882893,0.24281289376912712,0.25285828211289435,0.5838186670792157,0.5860784419916002,0.5688062110338747
PE0.01ppm-1,0.25835453115876084,0.25297524917836384,0.25449984705852474,0.18490340164375618,0.17959147957742835,0.1825776974808586,0.7149022668458275,0.7145654756659302,0.7048777588362181,0.6880154183702443,0.6809949513004233,0.6776337704623916,0.7081184542614353,0.6623955875453991,0.6613758508543786,0.6451900716334054,0.6845675293424287,0.723412740412955,1.0,0.886728565489146,0.8781068612454417,0.11626197808750854,0.11363488392992817,0.10778723294766852,0.20737211022819893,0.25253482291209095,0.22112798331748557,0.047741957366791855,0.05176058379025455,0.04613566248343741,0.10591658043067635,0.1161732143200324,0.11676357294618178,0.14910399388577747,0.18726361080703569,0.1674035135374096,0.0752942612228388,0.06289614092815028,0.07515144033189831,0.3049694196710582,0.29686904383012874,0.29762869988478746
PE0.01ppm-2,0.26666303846219663,0.2622647861590148,0.25976416045641193,0.19399990195724884,0.1896589146453104,0.19399941934081943,0.7127088626259787,0.7081817724457588,0.7044791951679955,0.6421484150490349,0.6671057059834995,0.6576393884859099,0.6987690970362792,0.6698219014896851,0.674867636271315,0.6321561301989129,0.6689735054906009,0.6838050299551396,0.886728565489146,1.0,0.8857949225201792,0.09772417703547706,0.11101582591634537,0.09352221864756105,0.20037873626075633,0.2529827998679736,0.21803672178849617,0.045664830509435,0.04277917589380748,0.03631869176100326,0.10967356476398056,0.10980747971762353,0.11352441867387812,0.14721404593845214,0.17715410034155676,0.1785600533735836,0.06528405850861568,0.059166239135624306,0.06549763536367234,0.29816138892597144,0.28748008428216737,0.29147798528053276
PE0.01ppm-3,0.25206771717895243,0.24776739570484027,0.24834292199310978,0.18237603752654746,0.17815518401947306,0.18608278833983224,0.7073100315896795,0.7202983434101943,0.716651773301361,0.6598680268585512,0.6740512432128802,0.6601399620399535,0.6984287708359118,0.6820507794623849,0.675201776398578,0.6382986135504192,0.6699504066978583,0.6871381580500507,0.8781068612454417,0.8857949225201792,1.0,0.11056738268611031,0.12180997113685087,0.1252831748472771,0.21993140317826176,0.2725451397919823,0.2496476182425266,0.06767713654644479,0.0676782190964549,0.0632527955404741,0.13531988424147928,0.15421610650052545,0.1355505375630132,0.17377302460249722,0.17701820183200934,0.19807101752780867,0.0826586358020868,0.0822368648977496,0.08111261680131168,0.277718600349604,0.27157999074439104,0.25889140905380675
PLA0ppm-1,0.40879522433093035,0.4099983122020591,0.41887750431721454,0.341156724259345,0.34430803258548504,0.337968688189399,0.3036196218317597,0.29340983196503545,0.26073826456033766,0.3254771890980752,0.2880032450017415,0.31266510625950833,0.18846457019622131,0.20330846457302332,0.19102163084159707,0.352700496559417,0.348262686484055,0.3293799713521375,0.11626197808750854,0.09772417703547706,0.11056738268611031,1.0,0.8974930499728756,0.921797772712841,0.7789573995267931,0.7939889093127093,0.8202663112532865,0.8714150933649443,0.8755858285082355,0.8753099698341905,0.7897570638836495,0.7749287610589576,0.8088074193231372,0.7287729189473863,0.7324740422464869,0.7418468847637507,0.8702735779435539,0.8754328145892085,0.8801163924584,0.40070609743336466,0.3971630545255701,0.38970553852870865
PLA0ppm-2,0.4041003186910429,0.39907779110173897,0.40824878269802195,0.32910160817439355,0.3295161824243276,0.3262635391727371,0.3012077580480202,0.3137762183697192,0.2826250332506249,0.3282609952351996,0.29040004007950565,0.31663719526771134,0.19564412442910453,0.19707086771999066,0.18180561941288814,0.36885592751832263,0.3490396479487541,0.34400542469489775,0.11363488392992817,0.11101582591634537,0.12180997113685087,0.8974930499728756,1.0,0.9154734930319609,0.7805089462525058,0.8157395531336702,0.8020252090758624,0.8506141032899294,0.8443113458791502,0.8370391168890092,0.7648088455205055,0.7436728027170791,0.7694036432391769,0.7054795411873862,0.7095551696537881,0.7077973200098404,0.8325576305062251,0.8409523234316022,0.8419989276739566,0.39441739489166844,0.39191705518175735,0.3826351135726755
PLA0ppm-3,0.38269636899359205,0.3734778886883361,0.387878490910133,0.3127047803244637,0.3115037791086324,0.3079481797244397,0.2982385859945463,0.28147093835458176,0.2581935600318266,0.309889268122103,0.2708337069798041,0.3072715617812695,0.20316009219771747,0.19885547823374042,0.19305771096561436,0.3316289525096598,0.3203316687436337,0.30399010077012417,0.10778723294766852,0.09352221864756105,0.1252831748472771,0.921797772712841,0.9154734930319609,1.0,0.7887161501091086,0.8077949470352236,0.8145601127534273,0.8624491407306474,0.8717436495854572,0.8697623467845771,0.7973095887895784,0.7979851624710131,0.8084880231742073,0.736204003603189,0.7323177142383427,0.7594656367606333,0.8693763821880166,0.8746110974905926,0.8746693843202368,0.34935354177847683,0.34358377990156885,0.34048065386123877
PLA0.05ppm-1,0.318098137670171,0.3161242700841473,0.32952842267824245,0.2677403862698046,0.2637668260565646,0.26261446698779123,0.3495714044782224,0.35172795307056304,0.33283141401418154,0.35096980814805706,0.327175878024281,0.37969943539375806,0.2641901193805609,0.24083359232823234,0.24428396676512515,0.4063986681053074,0.4235835508793884,0.37970503855707144,0.20737211022819893,0.20037873626075633,0.21993140317826176,0.7789573995267931,0.7805089462525058,0.7887161501091086,1.0,0.8243109102957351,0.8185925729306238,0.7995983783181106,0.7882723037420823,0.7879869167760571,0.7751279404465146,0.7682543035076564,0.7670545841952133,0.7524024997509303,0.7280541176723575,0.7826475646166919,0.7665457467289928,0.7672598466347766,0.7737561541321105,0.38589646805255456,0.39531544695293697,0.37991171616615976
PLA0.05ppm-2,0.3465975955121564,0.3410442133468505,0.3556122310916797,0.28023918270779874,0.2832050495171474,0.2790899001180158,0.41406317319107344,0.3994052969449107,0.38308666795390484,0.43760745059015516,0.3917691978469891,0.4393743503202709,0.3216690071811316,0.3153665819467141,0.30771126793795883,0.4482831815320658,0.4545847209570563,0.415347288936259,0.25253482291209095,0.2529827998679736,0.2725451397919823,0.7939889093127093,0.8157395531336702,0.8077949470352236,0.8243109102957351,1.0,0.8586674698364041,0.7958999270815745,0.7950150693109006,0.8033398644853872,0.7718977788694289,0.7555440276451046,0.7815597752782671,0.7511288450557009,0.7594927007826777,0.7821600909648907,0.7828162874189977,0.7785831109973439,0.7916988727657192,0.39930983921273416,0.39569853066405036,0.39268291990048737
PLA0.05ppm-3,0.3287957157227577,0.3207911093686705,0.3333333079926761,0.2633327609548175,0.26474337635258466,0.2569139956225313,0.3863913928757723,0.3914650187509643,0.3675194908829962,0.3985630182029167,0.3611040813862745,0.40620848640621854,0.30014245707790477,0.29125001569836634,0.29148821178435846,0.4079816536730181,0.4281195771407983,0.3878134309538205,0.22112798331748557,0.21803672178849617,0.2496476182425266,0.8202663112532865,0.8020252090758624,0.8145601127534273,0.8185925729306238,0.8586674698364041,1.0,0.8339001011079017,0.8242716705774945,0.8334709871288478,0.7947444687097202,0.7841507665471913,0.7975121049374154,0.781689332147096,0.7712040130192112,0.8158884076687271,0.8079378758543433,0.812963615740696,0.814536352480451,0.35903828970751156,0.3599400485752396,0.3515331136137567
PLA0.1ppm-1,0.26040971266579166,0.26169763792376144,0.26648912452662865,0.2018059219643315,0.20972376078677,0.2045783201066638,0.18667630868591253,0.1968991858945293,0.17550182767692415,0.18918208470688913,0.16966054941895223,0.20395136532963376,0.09481805110354301,0.09132404268792024,0.08488794656517717,0.26993598338780855,0.2699792010693003,0.25206668151757766,0.047741957366791855,0.045664830509435,0.06767713654644479,0.8714150933649443,0.8506141032899294,0.8624491407306474,0.7995983783181106,0.7958999270815745,0.8339001011079017,1.0,0.9501660695744121,0.9505777855442805,0.874366352135339,0.852010330875152,0.8720441150022024,0.8311159321957756,0.8181328177881992,0.8395294782781787,0.9282873090726222,0.9324046422195892,0.9332379407836547,0.2927840637513901,0.28821447129515354,0.28372970937978126
PLA0.1ppm-2,0.30084853876848533,0.292482268271281,0.3047904929591258,0.2379778606598392,0.24624024486730045,0.24110218690289664,0.2057201296821505,0.20370468178594844,0.1736545529000007,0.21751926552772705,0.1815829921156467,0.22849929968617488,0.11153773735567978,0.10304535870981832,0.09590007088432405,0.27511388513335056,0.2701055940832563,0.2618081357275936,0.05176058379025455,0.04277917589380748,0.0676782190964549,0.8755858285082355,0.8443113458791502,0.8717436495854572,0.7882723037420823,0.7950150693109006,0.8242716705774945,0.9501660695744121,1.0,0.94979991893003,0.8691578115674988,0.8537043574781178,0.8716664527499406,0.8246608290162061,0.8143298415132546,0.831107073879723,0.9249070066867087,0.9264689807197221,0.9277215648590978,0.30271728721612706,0.31344745711190475,0.3039747499939653
PLA0.1ppm-3,0.23940165322138074,0.2375441608874511,0.24658886129203386,0.18067610519456762,0.18896138564707116,0.18562415798336251,0.19022402776521638,0.18845538306684986,0.17371750686625503,0.19386186385011073,0.17421326105864457,0.20622740623064015,0.09494817490238452,0.09466626082821036,0.08329089651726321,0.2527189238784176,0.2632380999476609,0.24389090110042472,0.04613566248343741,0.03631869176100326,0.0632527955404741,0.8753099698341905,0.8370391168890092,0.8697623467845771,0.7879869167760571,0.8033398644853872,0.8334709871288478,0.9505777855442805,0.94979991893003,1.0,0.8817349816467313,0.8769186181393711,0.8904528919174648,0.836215114733483,0.8203244384622824,0.8504753235642754,0.9346268181466499,0.9371293875696183,0.9384295359243381,0.2726976231809796,0.2756095357574062,0.26817180805352875
PLA0.5ppm-1,0.1564362168742316,0.15298727292212505,0.16652193064932153,0.10334485502735552,0.11277830918804811,0.10612501744309911,0.19894666169208497,0.20077779722605776,0.19610777638337687,0.2213539293492451,0.18338805405000427,0.2305778099164903,0.12401678425231458,0.13615507354605055,0.11774575039562409,0.2473088640855489,0.27315451741378755,0.26497425656371115,0.10591658043067635,0.10967356476398056,0.13531988424147928,0.7897570638836495,0.7648088455205055,0.7973095887895784,0.7751279404465146,0.7718977788694289,0.7947444687097202,0.874366352135339,0.8691578115674988,0.8817349816467313,1.0,0.8575345545348955,0.8642675815631758,0.8522999745532649,0.8476055697827295,0.8595285499408132,0.9014009549383607,0.8956824843677248,0.8967883837457614,0.24438876102818607,0.24832063163190402,0.2519307584910463
PLA0.5ppm-2,0.1449882221420394,0.13104297340348176,0.14963497843629772,0.09381334860383633,0.09533387833289785,0.08989389216966763,0.21688941879025955,0.1921067195823511,0.18057193960289122,0.20401338158068333,0.19730222027343253,0.23139415127876187,0.1329399929489124,0.12915794486169654,0.13654319101228873,0.26334130756884333,0.2952844574805192,0.25658976702684166,0.1161732143200324,0.10980747971762353,0.15421610650052545,0.7749287610589576,0.7436728027170791,0.7979851624710131,0.7682543035076564,0.7555440276451046,0.7841507665471913,0.852010330875152,0.8537043574781178,0.8769186181393711,0.8575345545348955,1.0,0.8525695090211285,0.8323005610304673,0.8214335145255691,0.8655494436171917,0.8644160472832196,0.8687185407224391,0.8628492342137735,0.22031307453550236,0.23087030334756534,0.221337963612503
PLA0.5ppm-3,0.21040164742379905,0.1999264092207556,0.21061426209141107,0.14946469987321861,0.16011816084081923,0.1559576112190006,0.23297603701843783,0.21724436074921483,0.21210804356743107,0.24394492463555706,0.21718172799475574,0.25759307576540774,0.150533780107927,0.15349796133619076,0.1452276087988033,0.30420394992737965,0.3309346052131413,0.28283280082151285,0.11676357294618178,0.11352441867387812,0.1355505375630132,0.8088074193231372,0.7694036432391769,0.8084880231742073,0.7670545841952133,0.7815597752782671,0.7975121049374154,0.8720441150022024,0.8716664527499406,0.8904528919174648,0.8642675815631758,0.8525695090211285,1.0,0.8557625316395778,0.843515812672104,0.862691400819877,0.8867108814182194,0.8809782607793614,0.8802727583767288,0.29342350114296567,0.3021542194720496,0.2954631835911671
PLA1ppm-1,0.16030631332750298,0.1602423048455237,0.16577524274041777,0.11114250336070777,0.11557262378766302,0.11276688145570739,0.2377193286725394,0.23651448627736518,0.22592901566904947,0.20551102676255617,0.21505009070254635,0.22971102245520766,0.12436147647309556,0.12616554877081043,0.1384091755681828,0.28740145272859646,0.2949012126810479,0.28316661208385085,0.14910399388577747,0.14721404593845214,0.17377302460249722,0.7287729189473863,0.7054795411873862,0.736204003603189,0.7524024997509303,0.7511288450557009,0.781689332147096,0.8311159321957756,0.8246608290162061,0.836215114733483,0.8522999745532649,0.8323005610304673,0.8557625316395778,1.0,0.842697927467928,0.8761606689923316,0.8596877513956507,0.8559871349746005,0.8458731461659854,0.23741780208718857,0.22897971581356172,0.23365413552702244
PLA1ppm-2,0.13939332323201994,0.1332780816035018,0.15060824163346453,0.08895054862165892,0.10621935330029357,0.09980619988599357,0.21747110421482974,0.21665317703329945,0.19009850610948947,0.24830570203286978,0.21526129750825923,0.26591440328763355,0.16177681139038314,0.15704445161511832,0.1534907896901892,0.3089147563873907,0.3404978582447076,0.30751508304107167,0.18726361080703569,0.17715410034155676,0.17701820183200934,0.7324740422464869,0.7095551696537881,0.7323177142383427,0.7280541176723575,0.7594927007826777,0.7712040130192112,0.8181328177881992,0.8143298415132546,0.8203244384622824,0.8476055697827295,0.8214335145255691,0.843515812672104,0.842697927467928,1.0,0.848298404253112,0.8406991872729215,0.8309821267740097,0.8296340985281833,0.23908203793116772,0.24883686990194892,0.24920630788091072
PLA1ppm-3,0.16459688079885063,0.15669438250952233,0.16953731311536036,0.10574106108031307,0.1163265603144615,0.11672441796066535,0.2707769704097903,0.23419139911113712,0.23777864850927283,0.24148418041253172,0.2291256613842394,0.28369776763053767,0.17971017803356915,0.17210949684539287,0.18577265375462726,0.31346303528262576,0.31948769794363996,0.2944202311587361,0.1674035135374096,0.1785600533735836,0.19807101752780867,0.7418468847637507,0.7077973200098404,0.7594656367606333,0.7826475646166919,0.7821600909648907,0.8158884076687271,0.8395294782781787,0.831107073879723,0.8504753235642754,0.8595285499408132,0.8655494436171917,0.862691400819877,0.8761606689923316,0.848298404253112,1.0,0.8465327728138851,0.8499864789455476,0.8422382917606162,0.2452861068363422,0.24432512608198217,0.243829597620616
PLA5ppm-1,0.1976812583892175,0.19166142179476459,0.20452884794272888,0.13934053088761045,0.1409364313198926,0.1389834524669419,0.18936280466771774,0.18931002513789413,0.18099937831619736,0.20792439888780287,0.1841668985837773,0.2144480948786149,0.09922712866056904,0.10727265741091815,0.09965500346633745,0.23704624431624707,0.24737757269585423,0.24466529520882893,0.0752942612228388,0.06528405850861568,0.0826586358020868,0.8702735779435539,0.8325576305062251,0.8693763821880166,0.7665457467289928,0.7828162874189977,0.8079378758543433,0.9282873090726222,0.9249070066867087,0.9346268181466499,0.9014009549383607,0.8644160472832196,0.8867108814182194,0.8596877513956507,0.8406991872729215,0.8465327728138851,1.0,0.9780939503352182,0.9816572011668337,0.266597447234738,0.2616622910319926,0.2630797219504028
PLA5ppm-2,0.20062894961101943,0.19436251131703064,0.20450962090182986,0.1429634896579075,0.14400094417282414,0.14446139363479843,0.18902209901358105,0.18801080769910064,0.1789330953141904,0.2027298695987508,0.1763692932239702,0.19952333646181586,0.09119375203699144,0.10164235885466241,0.09065504001549672,0.2434509907568056,0.24538183314166043,0.24281289376912712,0.06289614092815028,0.059166239135624306,0.0822368648977496,0.8754328145892085,0.8409523234316022,0.8746110974905926,0.7672598466347766,0.7785831109973439,0.812963615740696,0.9324046422195892,0.9264689807197221,0.9371293875696183,0.8956824843677248,0.8687185407224391,0.8809782607793614,0.8559871349746005,0.8309821267740097,0.8499864789455476,0.9780939503352182,1.0,0.9808285756654525,0.26656272644033324,0.2612824199914826,0.2604845830007755
PLA5ppm-3,0.20100392879129414,0.19489554623087635,0.20652514506856962,0.14052156262133084,0.14099966421393242,0.1407184833261187,0.19273922872775565,0.190218538982485,0.18418306315503685,0.21872934225824006,0.20129935911316904,0.21900859011602875,0.10043785204881336,0.10512597296147054,0.09926162376288068,0.25160042168367636,0.257511261379989,0.25285828211289435,0.07515144033189831,0.06549763536367234,0.08111261680131168,0.8801163924584,0.8419989276739566,0.8746693843202368,0.7737561541321105,0.7916988727657192,0.814536352480451,0.9332379407836547,0.9277215648590978,0.9384295359243381,0.8967883837457614,0.8628492342137735,0.8802727583767288,0.8458731461659854,0.8296340985281833,0.8422382917606162,0.9816572011668337,0.9808285756654525,1.0,0.2842336407963934,0.2794231550105561,0.28156744280179063
PLA10ppm-1,0.4488958072047459,0.4369034795533261,0.4455375504904478,0.437792965865479,0.41989168856957104,0.4265500782923249,0.5027472504406603,0.484888758131631,0.4463941282987254,0.5616407509770518,0.5596275323700975,0.5542781451926194,0.322375759945916,0.33237800819258323,0.3532781902366784,0.6101880071358345,0.5949010909085481,0.5838186670792157,0.3049694196710582,0.29816138892597144,0.277718600349604,0.40070609743336466,0.39441739489166844,0.34935354177847683,0.38589646805255456,0.39930983921273416,0.35903828970751156,0.2927840637513901,0.30271728721612706,0.2726976231809796,0.24438876102818607,0.22031307453550236,0.29342350114296567,0.23741780208718857,0.23908203793116772,0.2452861068363422,0.266597447234738,0.26656272644033324,0.2842336407963934,1.0,0.9585822991222702,0.9506072968021017
PLA10ppm-2,0.45664893302950177,0.43502306217927733,0.4543435676847812,0.44381912174993016,0.4323708289180158,0.4339116871425899,0.4930802656273156,0.4683284452753188,0.420938991667947,0.565915533222326,0.550266395206515,0.5488602140483528,0.3312336822683403,0.33313375725255506,0.3451739258256959,0.606632026031286,0.5939895833727059,0.5860784419916002,0.29686904383012874,0.28748008428216737,0.27157999074439104,0.3971630545255701,0.39191705518175735,0.34358377990156885,0.39531544695293697,0.39569853066405036,0.3599400485752396,0.28821447129515354,0.31344745711190475,0.2756095357574062,0.24832063163190402,0.23087030334756534,0.3021542194720496,0.22897971581356172,0.24883686990194892,0.24432512608198217,0.2616622910319926,0.2612824199914826,0.2794231550105561,0.9585822991222702,1.0,0.957828869612217
PLA10ppm-3,0.47865604190507793,0.4573105557080857,0.47886504906465815,0.4747275827799574,0.452221884673611,0.4529153922709329,0.4874319701100445,0.4689530698899221,0.41740144525314643,0.5609270344706618,0.5441231366629952,0.5515912357225223,0.3243786247841631,0.3346777311442768,0.3335760722193232,0.5868772593340864,0.5984201015303879,0.5688062110338747,0.29762869988478746,0.29147798528053276,0.25889140905380675,0.38970553852870865,0.3826351135726755,0.34048065386123877,0.37991171616615976,0.39268291990048737,0.3515331136137567,0.28372970937978126,0.3039747499939653,0.26817180805352875,0.2519307584910463,0.221337963612503,0.2954631835911671,0.23365413552702244,0.24920630788091072,0.243829597620616,0.2630797219504028,0.2604845830007755,0.28156744280179063,0.9506072968021017,0.957828869612217,1.0
