out: [0 0 1 ... 1 0 0]
self.y_train: [1 0 1 ... 1 0 0]
Accuracy: 0.8183873398643556
Recall: 0.8183873398643556
Precision: 0.8257893694998855
F1 Score: 0.8209282681886426
