out: [0 1 1 ... 0 0 0]
self.y_train: [0 1 1 ... 0 0 0]
Accuracy: 0.80180859080633
Recall: 0.80180859080633
Precision: 0.8105144579330971
F1 Score: 0.804841687026478
